Iteration:   1, Error: 46372402.9264345542
Iteration:   2, Error: 39678820.8356548250
Iteration:   3, Error: 34718673.8770760298
Iteration:   4, Error: 30965476.0551681183
Iteration:   5, Error: 28423574.8567711785
Iteration:   6, Error: 26834368.6784367301
Iteration:   7, Error: 25850903.2361870073
Iteration:   8, Error: 25244206.9013422988
Iteration:   9, Error: 24874298.2317497544
Iteration:  10, Error: 24651124.3289396167
Iteration:  11, Error: 24516978.5551627949
Iteration:  12, Error: 24436215.7112931162
Iteration:  13, Error: 24387421.6296087652
Iteration:  14, Error: 24357850.1046878099
Iteration:  15, Error: 24339893.3273170441
Iteration:  16, Error: 24328979.8451076671
Iteration:  17, Error: 24322346.0778005831
Iteration:  18, Error: 24318314.8032102026
Iteration:  19, Error: 24315866.1228260100
Iteration:  20, Error: 24314379.4671751894
Iteration:  21, Error: 24313477.2969009392
Iteration:  22, Error: 24312930.0405832045
Iteration:  23, Error: 24312598.1881318688
Iteration:  24, Error: 24312397.0113147274
Iteration:  25, Error: 24312275.0806243084
Iteration:  26, Error: 24312201.1932575330
Iteration:  27, Error: 24312156.4254646935
Iteration:  28, Error: 24312129.3040306084
Iteration:  29, Error: 24312112.8746368997
Iteration:  30, Error: 24312102.9228591472
Iteration:  31, Error: 24312096.8950913660
Iteration:  32, Error: 24312093.2442403175
Iteration:  33, Error: 24312091.0330932811
Iteration:  34, Error: 24312089.6939396895
Iteration:  35, Error: 24312088.8829150610
Iteration:  36, Error: 24312088.3917463198
Iteration:  37 converged, Error: 24312088.0942895561
Fuzzy c-means clustering with 3 clusters

Cluster centers:
  neuro_score pack_years      age no2_2010     pm10     pm2.5 traffic_intensity
1    4.191273   8.575161 56.73987 25.32525 15.43200  9.823455          13133.55
2    4.265911   8.900302 56.67895 27.96184 16.44053 10.113969          26321.03
3    4.253719   9.251502 56.78153 26.31385 18.91087 10.059378          60711.05
  inv_dis_maj_road greenspace_1000m water_1000m coast_distance
1      0.004599743         47.71270   1.0405654       44.12894
2      0.004111211         40.43207   0.9623227       45.01704
3      0.002942008         48.48243   1.0964739       37.81438
  multiple_deprivation_index sleep_data diet_score met_score  sex_Male
1                   5.379574   1.927751   5.882000  2098.578 0.4467883
2                   5.674680   1.901827   5.851741  2106.280 0.4490924
3                   5.400232   1.922421   5.879171  2142.417 0.4524583
  own_rent_Own outright (by you or someone in your household)
1                                                   0.5455250
2                                                   0.5195143
3                                                   0.5456702
  own_rent_Own with a mortgage
1                    0.3618889
2                    0.3675971
3                    0.3643604
  own_rent_Rent - from local authority, local council, housing association
1                                                               0.05177321
2                                                               0.06832459
3                                                               0.05640650
  own_rent_Rent - from private landlord or letting agency
1                                              0.02640297
2                                              0.03125355
3                                              0.02209220
  own_rent_Pay part rent and part mortgage (shared ownership)
1                                                 0.002697917
2                                                 0.002909788
3                                                 0.001633363
  own_rent_Live in accommodation rent free num_household_3 num_household_4
1                              0.007195045    5.000628e-05     0.001841702
2                              0.006502774    4.173536e-05     0.002054207
3                              0.005502746    8.978743e-08     0.001440193
  num_household_Alone num_household_Community home num_household_Large
1           0.1696302                  0.003415745           0.1810346
2           0.1926691                  0.004077702           0.1899784
3           0.1749309                  0.003254279           0.1999886
  num_household_Small vehicles_household_One vehicles_household_Two
1           0.6432424              0.4210464              0.3928244
2           0.6105336              0.4349420              0.3640030
3           0.6200100              0.4194103              0.3838920
  vehicles_household_Three vehicles_household_Four or more
1               0.08424074                      0.02738140
2               0.07867935                      0.02194464
3               0.09729022                      0.02874679
  household_income_18,000 to 30,999 household_income_31,000 to 51,999
1                         0.2899001                         0.2529198
2                         0.2878202                         0.2438561
3                         0.2833488                         0.2481453
  household_income_52,000 to 100,000 household_income_Greater than 100,000
1                          0.1894058                            0.05589445
2                          0.1865365                            0.05406064
3                          0.1880686                            0.05312812
  alcohol_intake_Three or four times a week alcohol_intake_Once or twice a week
1                                 0.2331800                           0.2634005
2                                 0.2258988                           0.2587463
3                                 0.2325632                           0.2735575
  alcohol_intake_One to three times a month
1                                 0.1088269
2                                 0.1100968
3                                 0.1094228
  alcohol_intake_Special occasions only alcohol_intake_Never
1                             0.1103155           0.07555719
2                             0.1225610           0.08896507
3                             0.1061560           0.08638860
  alcohol_10_yrs_About the same alcohol_10_yrs_Less nowadays
1                     0.3559224                    0.4149388
2                     0.3390054                    0.4292540
3                     0.3423925                    0.4170304
  alcohol_10_yrs_More nowadays breastfed_Yes maternal_smoking_Yes anxiety_Yes
1                    0.1535816     0.7423591            0.3014984   0.5615437
2                    0.1427755     0.7433144            0.2962655   0.5622769
3                    0.1541884     0.7356972            0.3221514   0.5817468
  able_to_confide_Once every few months able_to_confide_About once a month
1                            0.05298020                         0.05429117
2                            0.05820311                         0.05573138
3                            0.04850517                         0.04646666
  able_to_confide_About once a week able_to_confide_2-4 times a week
1                         0.1089913                       0.09290674
2                         0.1165144                       0.09404830
3                         0.1180404                       0.10318982
  able_to_confide_Almost daily qualifications_College or University degree
1                    0.5507426                                   0.3368080
2                    0.5330763                                   0.3294518
3                    0.5357485                                   0.3006456
  qualifications_A levels/AS levels or equivalent
1                                       0.1168650
2                                       0.1073800
3                                       0.1101328
  qualifications_O levels/GCSEs or equivalent qualifications_CSEs or equivalent
1                                   0.2150101                        0.05392909
2                                   0.2163824                        0.05687148
3                                   0.2286162                        0.06860198
  qualifications_NVQ or HND or HNC or equivalent
1                                     0.06613177
2                                     0.06662638
3                                     0.06424489
  qualifications_Other professional qualifications eg: nursing, teaching
1                                                             0.05300338
2                                                             0.05470485
3                                                             0.04878013
  employment_status_In paid employment or self-employed
1                                             0.5568697
2                                             0.5580523
3                                             0.5608405
  employment_status_Retired employment_status_Looking after home and/or family
1                 0.3522490                                         0.02913614
2                 0.3471541                                         0.02790696
3                 0.3542940                                         0.02625440
  employment_status_Unable to work because of sickness or disability
1                                                         0.03365997
2                                                         0.03514754
3                                                         0.03068977
  employment_status_Unemployed employment_status_Doing unpaid or voluntary work
1                   0.01508121                                      0.004592781
2                   0.01792438                                      0.004444772
3                   0.01460702                                      0.005626746
  employment_status_Full or part-time student smoking_status_Previous
1                                 0.002584105               0.3426657
2                                 0.002800462               0.3385490
3                                 0.002380607               0.3447989
  smoking_status_Current ethnic_background_Mixed
1             0.09142723            3.331831e-05
2             0.10312086            2.310681e-06
3             0.09354501            2.730270e-08
  ethnic_background_Asian or Asian British
1                             1.942175e-06
2                             1.395370e-04
3                             1.815682e-04
  ethnic_background_Black or Black British ethnic_background_Chinese
1                             8.661063e-05               0.002224488
2                             9.376952e-05               0.003319364
3                             5.338894e-08               0.001717242
  ethnic_background_Other ethnic group ethnic_background_British
1                          0.008331018                 0.8976806
2                          0.013852304                 0.8611215
3                          0.012124766                 0.8935524
  ethnic_background_Irish ethnic_background_Any other white background
1              0.02304283                                   0.02899518
2              0.02676753                                   0.03514301
3              0.02313196                                   0.02802213
  ethnic_background_White and Black Caribbean
1                                 0.001412859
2                                 0.001897662
3                                 0.000942779
  ethnic_background_White and Black African ethnic_background_White and Asian
1                              0.0008960379                      0.0017979063
2                              0.0011618247                      0.0018911102
3                              0.0016098202                      0.0004327869
  ethnic_background_Any other mixed background ethnic_background_Indian
1                                  0.002064845              0.009190811
2                                  0.002493995              0.013357043
3                                  0.002636254              0.012141628
  ethnic_background_Pakistani ethnic_background_Bangladeshi
1                 0.002780298                  3.286536e-04
2                 0.003243790                  7.085765e-04
3                 0.003335790                  1.321809e-05
  ethnic_background_Any other Asian background ethnic_background_Caribbean
1                                  0.002983866                 0.008057840
2                                  0.003875159                 0.011513104
3                                  0.002726236                 0.009021215
  ethnic_background_African ethnic_background_Any other Black background
1               0.009070558                                 0.0001187712
2               0.018230429                                 0.0003011302
3               0.007904558                                 0.0004943821
  gas_cooker_1 gas_fire_1 solid_fire_1 distress_score_1 distress_score_2+
1    0.7023154  0.4109001   0.09318989       0.09636256        0.02373266
2    0.7264365  0.4032549   0.06580922       0.09544367        0.02406601
3    0.7171030  0.3832637   0.07936323       0.09524505        0.01959697

Memberships:
                    1            2            3
    [1,] 9.937662e-01 5.744681e-03 4.891548e-04
    [2,] 5.451334e-01 4.417308e-01 1.313583e-02
    [3,] 9.773646e-01 2.094532e-02 1.690059e-03
    [4,] 7.938103e-02 9.136317e-01 6.987252e-03
    [5,] 1.704186e-01 8.191620e-01 1.041945e-02
    [6,] 7.672623e-02 8.920553e-01 3.121844e-02
    [7,] 4.971414e-01 4.888583e-01 1.400031e-02
    [8,] 9.663872e-01 3.076241e-02 2.850370e-03
    [9,] 8.908836e-01 1.039692e-01 5.147137e-03
   [10,] 9.295181e-01 6.313058e-02 7.351341e-03
   [11,] 4.184592e-01 5.683276e-01 1.321322e-02
   [12,] 1.362733e-01 8.545231e-01 9.203589e-03
   [13,] 1.419013e-01 7.206806e-01 1.374181e-01
   [14,] 9.059071e-01 8.357695e-02 1.051592e-02
   [15,] 1.007908e-02 2.079257e-02 9.691284e-01
   [16,] 9.587743e-01 3.889234e-02 2.333369e-03
   [17,] 4.414827e-01 5.450170e-01 1.350029e-02
   [18,] 2.125689e-01 7.766016e-01 1.082953e-02
   [19,] 5.458946e-01 4.398444e-01 1.426094e-02
   [20,] 3.127633e-02 9.605562e-01 8.167514e-03
   [21,] 1.205082e-01 7.973584e-01 8.213345e-02
   [22,] 1.058418e-01 8.867863e-01 7.371915e-03
   [23,] 9.692889e-01 2.793744e-02 2.773665e-03
   [24,] 5.818109e-01 4.059439e-01 1.224522e-02
   [25,] 5.774745e-01 4.096943e-01 1.283120e-02
   [26,] 9.321088e-01 6.402267e-02 3.868534e-03
   [27,] 9.736932e-01 2.477632e-02 1.530469e-03
   [28,] 7.667481e-01 2.243403e-01 8.911535e-03
   [29,] 8.910942e-03 9.895428e-01 1.546249e-03
   [30,] 5.277223e-02 9.418815e-01 5.346268e-03
   [31,] 8.276700e-01 1.620085e-01 1.032154e-02
   [32,] 7.713776e-01 2.193691e-01 9.253293e-03
   [33,] 9.935475e-01 6.001675e-03 4.508471e-04
   [34,] 9.136197e-01 8.029114e-02 6.089139e-03
   [35,] 9.952615e-01 4.407563e-03 3.309781e-04
   [36,] 9.195949e-01 7.220081e-02 8.204256e-03
   [37,] 2.868375e-01 7.012559e-01 1.190662e-02
   [38,] 8.927666e-01 1.016145e-01 5.618922e-03
   [39,] 4.005594e-01 5.856957e-01 1.374491e-02
   [40,] 6.970919e-01 2.895353e-01 1.337277e-02
   [41,] 9.255185e-01 6.671271e-02 7.768835e-03
   [42,] 9.355037e-01 5.790339e-02 6.592867e-03
   [43,] 4.161285e-02 6.817540e-02 8.902118e-01
   [44,] 2.161996e-02 9.740731e-01 4.306930e-03
   [45,] 8.368749e-01 1.559696e-01 7.155560e-03
   [46,] 6.456787e-02 9.152353e-01 2.019680e-02
   [47,] 9.336066e-01 5.962689e-02 6.766506e-03
   [48,] 8.158288e-02 1.238650e-01 7.945521e-01
   [49,] 1.358555e-01 4.131522e-01 4.509923e-01
   [50,] 5.418926e-02 9.299421e-01 1.586865e-02
   [51,] 9.374609e-01 5.626292e-02 6.276168e-03
   [52,] 9.928673e-01 6.660340e-03 4.723357e-04
   [53,] 3.291722e-01 6.581862e-01 1.264165e-02
   [54,] 9.681864e-01 2.912205e-02 2.691536e-03
   [55,] 8.483101e-02 9.084897e-01 6.679286e-03
   [56,] 9.816704e-01 1.678475e-02 1.544838e-03
   [57,] 8.797182e-01 1.104107e-01 9.871167e-03
   [58,] 8.278448e-01 1.504038e-01 2.175140e-02
   [59,] 4.155055e-01 5.713035e-01 1.319096e-02
   [60,] 8.226881e-01 1.693471e-01 7.964781e-03
   [61,] 3.572616e-01 6.293031e-01 1.343532e-02
   [62,] 5.972423e-01 3.906920e-01 1.206566e-02
   [63,] 3.930422e-02 9.501128e-01 1.058302e-02
   [64,] 6.526703e-02 9.235381e-01 1.119488e-02
   [65,] 9.211330e-01 7.450385e-02 4.363104e-03
   [66,] 7.739253e-01 2.172371e-01 8.837672e-03
   [67,] 9.756542e-01 2.224779e-02 2.098049e-03
   [68,] 9.200219e-01 7.156559e-02 8.412508e-03
   [69,] 9.181342e-01 7.302021e-02 8.845573e-03
   [70,] 9.408309e-01 5.338046e-02 5.788670e-03
   [71,] 1.245187e-02 9.860217e-01 1.526424e-03
   [72,] 2.644341e-01 7.212202e-01 1.434565e-02
   [73,] 9.665084e-01 3.146557e-02 2.025983e-03
   [74,] 9.712740e-01 2.706431e-02 1.661675e-03
   [75,] 5.294910e-01 4.579233e-01 1.258572e-02
   [76,] 6.938098e-01 2.949618e-01 1.122841e-02
   [77,] 5.217047e-02 9.434572e-01 4.372367e-03
   [78,] 9.744951e-01 2.361254e-02 1.892383e-03
   [79,] 9.963794e-01 3.373819e-03 2.467632e-04
   [80,] 5.482260e-01 4.392377e-01 1.253630e-02
   [81,] 1.744493e-02 3.022441e-02 9.523307e-01
   [82,] 6.808650e-01 3.082246e-01 1.091039e-02
   [83,] 3.910096e-02 9.515054e-01 9.393590e-03
   [84,] 9.258062e-01 7.042784e-02 3.765940e-03
   [85,] 9.745174e-01 2.354813e-02 1.934480e-03
   [86,] 1.305960e-01 3.908752e-01 4.785288e-01
   [87,] 3.861275e-02 6.342181e-02 8.979654e-01
   [88,] 1.245866e-01 3.606418e-01 5.147716e-01
   [89,] 6.028618e-02 9.185708e-01 2.114304e-02
   [90,] 1.371135e-02 9.846190e-01 1.669611e-03
   [91,] 7.221528e-01 2.653561e-01 1.249109e-02
   [92,] 9.217676e-01 7.429361e-02 3.938751e-03
   [93,] 9.783820e-01 1.991934e-02 1.698694e-03
   [94,] 9.868683e-01 1.204606e-02 1.085606e-03
   [95,] 9.916521e-01 7.681580e-03 6.663048e-04
   [96,] 9.427905e-01 5.151503e-02 5.694419e-03
   [97,] 9.599554e-01 3.733924e-02 2.705388e-03
   [98,] 8.818001e-01 1.123459e-01 5.854009e-03
   [99,] 1.370433e-01 7.861902e-01 7.676649e-02
  [100,] 1.085740e-02 9.878650e-01 1.277614e-03
  [101,] 8.419189e-01 1.512584e-01 6.822695e-03
  [102,] 3.735330e-02 9.551000e-01 7.546652e-03
  [103,] 1.133137e-02 9.869347e-01 1.733887e-03
  [104,] 9.849701e-01 1.379869e-02 1.231182e-03
  [105,] 1.501063e-03 2.797337e-03 9.957016e-01
  [106,] 9.460765e-01 5.100543e-02 2.918075e-03
  [107,] 4.676832e-01 5.178090e-01 1.450778e-02
  [108,] 9.214678e-01 7.425637e-02 4.275874e-03
  [109,] 1.959973e-01 7.931300e-01 1.087262e-02
  [110,] 4.131181e-01 5.737663e-01 1.311565e-02
  [111,] 2.155679e-02 4.417231e-02 9.342709e-01
  [112,] 9.788197e-01 1.985573e-02 1.324568e-03
  [113,] 8.015556e-01 1.902617e-01 8.182675e-03
  [114,] 8.647450e-01 1.183550e-01 1.689999e-02
  [115,] 9.667873e-01 3.104075e-02 2.171907e-03
  [116,] 1.444556e-01 7.050788e-01 1.504657e-01
  [117,] 9.215594e-01 7.399429e-02 4.446309e-03
  [118,] 9.860581e-03 1.755433e-02 9.725851e-01
  [119,] 7.607299e-01 2.269145e-01 1.235564e-02
  [120,] 7.067855e-02 9.228137e-01 6.507709e-03
  [121,] 9.947646e-01 4.824951e-03 4.104045e-04
  [122,] 2.958783e-02 9.669812e-01 3.430968e-03
  [123,] 9.940181e-01 5.568436e-03 4.134912e-04
  [124,] 9.941245e-01 5.412601e-03 4.629249e-04
  [125,] 9.767827e-01 2.181918e-02 1.398162e-03
  [126,] 2.573399e-02 9.716111e-01 2.654891e-03
  [127,] 5.799031e-03 9.934943e-01 7.066992e-04
  [128,] 6.316915e-01 3.560575e-01 1.225097e-02
  [129,] 2.074220e-02 9.760250e-01 3.232792e-03
  [130,] 9.178629e-01 7.758033e-02 4.556731e-03
  [131,] 8.866920e-01 1.074412e-01 5.866819e-03
  [132,] 9.478804e-01 4.717330e-02 4.946333e-03
  [133,] 9.944123e-01 5.151735e-03 4.359668e-04
  [134,] 1.071522e-02 9.876676e-01 1.617134e-03
  [135,] 1.726395e-01 8.120188e-01 1.534165e-02
  [136,] 5.906364e-01 3.967323e-01 1.263127e-02
  [137,] 1.173500e-01 8.064899e-01 7.616011e-02
  [138,] 7.846708e-01 2.068594e-01 8.469771e-03
  [139,] 9.790644e-01 1.941220e-02 1.523436e-03
  [140,] 9.308729e-01 6.456491e-02 4.562162e-03
  [141,] 1.882260e-01 8.018020e-01 9.971954e-03
  [142,] 9.991909e-01 7.533904e-04 5.569006e-05
  [143,] 1.900167e-01 7.978364e-01 1.214686e-02
  [144,] 7.841823e-01 2.073036e-01 8.514117e-03
  [145,] 6.591236e-02 9.100874e-01 2.400021e-02
  [146,] 9.736337e-01 2.417286e-02 2.193471e-03
  [147,] 8.323280e-01 1.478690e-01 1.980301e-02
  [148,] 9.856008e-01 1.332001e-02 1.079187e-03
  [149,] 9.683382e-01 2.891176e-02 2.749994e-03
  [150,] 1.522202e-01 5.585444e-01 2.892355e-01
  [151,] 9.740525e-01 2.390067e-02 2.046828e-03
  [152,] 5.135761e-02 9.437930e-01 4.849437e-03
  [153,] 8.811768e-01 1.125532e-01 6.270072e-03
  [154,] 9.138113e-01 7.932602e-02 6.862649e-03
  [155,] 9.164450e-01 7.460383e-02 8.951186e-03
  [156,] 3.908243e-03 9.955649e-01 5.268792e-04
  [157,] 9.162682e-01 7.465418e-02 9.077596e-03
  [158,] 1.382632e-01 7.346251e-01 1.271117e-01
  [159,] 9.701929e-01 2.770042e-02 2.106646e-03
  [160,] 9.631715e-01 3.473191e-02 2.096624e-03
  [161,] 3.492039e-01 6.382526e-01 1.254355e-02
  [162,] 9.951820e-01 4.499813e-03 3.181749e-04
  [163,] 2.231521e-01 7.637832e-01 1.306471e-02
  [164,] 8.183309e-02 8.848744e-01 3.329247e-02
  [165,] 1.479047e-01 6.787128e-01 1.733825e-01
  [166,] 9.801652e-01 1.864962e-02 1.185163e-03
  [167,] 7.426199e-02 9.192529e-01 6.485148e-03
  [168,] 8.156320e-01 1.743111e-01 1.005683e-02
  [169,] 8.875209e-01 9.991998e-02 1.255914e-02
  [170,] 1.034716e-01 8.883507e-01 8.177768e-03
  [171,] 4.614604e-02 9.413504e-01 1.250358e-02
  [172,] 8.871297e-01 1.075022e-01 5.368056e-03
  [173,] 5.835070e-01 4.026839e-01 1.380919e-02
  [174,] 9.348164e-01 5.850903e-02 6.674550e-03
  [175,] 9.940360e-01 5.504762e-03 4.592160e-04
  [176,] 9.222084e-01 6.970517e-02 8.086472e-03
  [177,] 3.143932e-02 9.611374e-01 7.423284e-03
  [178,] 3.025506e-01 6.833916e-01 1.405776e-02
  [179,] 4.775236e-02 9.391791e-01 1.306855e-02
  [180,] 7.853873e-02 9.153279e-01 6.133356e-03
  [181,] 9.815131e-01 1.735431e-02 1.132619e-03
  [182,] 1.198734e-01 8.025111e-01 7.761551e-02
  [183,] 9.798569e-01 1.881105e-02 1.332057e-03
  [184,] 9.346078e-01 5.870786e-02 6.684336e-03
  [185,] 9.745811e-01 2.350776e-02 1.911104e-03
  [186,] 6.047530e-01 3.823977e-01 1.284930e-02
  [187,] 9.371572e-01 5.955334e-02 3.289440e-03
  [188,] 4.300943e-02 9.448161e-01 1.217447e-02
  [189,] 7.826706e-01 2.081370e-01 9.192410e-03
  [190,] 1.102428e-01 8.251468e-01 6.461044e-02
  [191,] 9.549929e-01 4.239162e-02 2.615456e-03
  [192,] 6.198883e-01 3.681800e-01 1.193173e-02
  [193,] 8.687558e-01 1.149933e-01 1.625094e-02
  [194,] 9.938109e-01 5.702316e-03 4.867738e-04
  [195,] 9.349171e-01 6.169144e-02 3.391443e-03
  [196,] 9.694531e-01 2.879570e-02 1.751187e-03
  [197,] 6.569639e-02 9.284312e-01 5.872415e-03
  [198,] 9.891373e-01 1.018146e-02 6.812260e-04
  [199,] 8.873064e-01 1.073772e-01 5.316445e-03
  [200,] 7.568025e-01 2.333161e-01 9.881380e-03
  [201,] 1.530566e-01 6.035849e-01 2.433585e-01
  [202,] 2.595199e-01 7.276955e-01 1.278458e-02
  [203,] 9.761026e-01 2.180391e-02 2.093516e-03
  [204,] 9.234984e-01 7.217406e-02 4.327585e-03
  [205,] 2.038887e-02 3.501620e-02 9.445949e-01
  [206,] 9.763248e-01 2.165390e-02 2.021323e-03
  [207,] 2.863828e-01 7.010682e-01 1.254894e-02
  [208,] 9.946346e-01 4.975867e-03 3.895016e-04
  [209,] 9.968652e-01 2.908569e-03 2.262134e-04
  [210,] 1.807187e-02 9.800407e-01 1.887383e-03
  [211,] 9.712974e-01 2.637794e-02 2.324630e-03
  [212,] 1.324440e-01 7.582449e-01 1.093111e-01
  [213,] 7.561474e-01 2.345930e-01 9.259670e-03
  [214,] 9.952431e-01 4.445961e-03 3.109683e-04
  [215,] 6.888767e-02 1.068520e-01 8.242603e-01
  [216,] 5.970324e-01 3.908660e-01 1.210162e-02
  [217,] 9.412698e-03 9.892528e-01 1.334457e-03
  [218,] 9.303704e-01 6.245026e-02 7.179309e-03
  [219,] 8.717284e-01 1.218573e-01 6.414348e-03
  [220,] 9.184256e-01 7.278441e-02 8.789978e-03
  [221,] 3.761547e-02 8.416107e-02 8.782235e-01
  [222,] 1.734997e-01 8.167979e-01 9.702423e-03
  [223,] 1.521423e-01 5.556680e-01 2.921897e-01
  [224,] 9.564176e-01 3.942250e-02 4.159941e-03
  [225,] 5.944492e-02 9.333148e-01 7.240300e-03
  [226,] 8.799281e-01 1.057073e-01 1.436461e-02
  [227,] 8.053579e-02 8.875853e-01 3.187888e-02
  [228,] 2.013869e-01 7.883297e-01 1.028335e-02
  [229,] 8.006787e-01 1.898475e-01 9.473761e-03
  [230,] 9.037957e-01 8.554676e-02 1.065752e-02
  [231,] 1.196437e-01 8.018789e-01 7.847738e-02
  [232,] 1.674661e-01 8.222128e-01 1.032112e-02
  [233,] 8.609657e-01 1.327406e-01 6.293669e-03
  [234,] 9.656671e-01 3.134969e-02 2.983179e-03
  [235,] 9.846747e-01 1.418747e-02 1.137840e-03
  [236,] 9.096228e-01 8.046948e-02 9.907711e-03
  [237,] 9.908127e-02 8.940557e-01 6.862990e-03
  [238,] 9.079752e-01 8.247433e-02 9.550506e-03
  [239,] 3.589999e-02 5.936064e-02 9.047394e-01
  [240,] 1.514275e-02 2.934229e-02 9.555150e-01
  [241,] 5.445453e-01 4.428696e-01 1.258511e-02
  [242,] 1.047474e-01 8.880055e-01 7.247099e-03
  [243,] 9.513802e-01 4.393354e-02 4.686213e-03
  [244,] 6.941783e-01 2.857655e-01 2.005615e-02
  [245,] 9.981578e-03 1.935310e-02 9.706653e-01
  [246,] 9.359939e-01 5.767774e-02 6.328334e-03
  [247,] 8.638946e-01 1.206924e-01 1.541303e-02
  [248,] 9.812426e-01 1.753138e-02 1.226028e-03
  [249,] 9.459852e-01 5.060870e-02 3.406092e-03
  [250,] 9.466887e-01 5.040416e-02 2.907183e-03
  [251,] 8.600889e-01 1.333150e-01 6.596035e-03
  [252,] 8.004035e-01 1.915593e-01 8.037179e-03
  [253,] 9.326245e-01 6.049126e-02 6.884210e-03
  [254,] 8.606457e-01 1.223600e-01 1.699438e-02
  [255,] 9.211433e-01 7.444398e-02 4.412738e-03
  [256,] 7.175132e-01 2.724579e-01 1.002887e-02
  [257,] 9.926288e-01 6.878793e-03 4.923830e-04
  [258,] 6.586678e-01 3.285671e-01 1.276516e-02
  [259,] 5.425941e-01 4.350620e-01 2.234394e-02
  [260,] 9.729369e-01 2.546127e-02 1.601875e-03
  [261,] 7.326398e-01 2.575335e-01 9.826758e-03
  [262,] 9.357867e-01 5.770216e-02 6.511168e-03
  [263,] 8.144067e-03 9.903094e-01 1.546503e-03
  [264,] 8.714005e-01 1.128830e-01 1.571649e-02
  [265,] 9.685921e-01 2.950443e-02 1.903478e-03
  [266,] 5.427396e-01 4.447077e-01 1.255266e-02
  [267,] 6.085537e-01 3.794354e-01 1.201085e-02
  [268,] 9.743505e-02 8.816321e-01 2.093289e-02
  [269,] 9.528176e-01 4.460914e-02 2.573274e-03
  [270,] 9.047279e-01 8.513366e-02 1.013846e-02
  [271,] 2.070850e-01 7.824908e-01 1.042423e-02
  [272,] 6.103591e-01 3.774140e-01 1.222694e-02
  [273,] 7.506705e-01 2.400365e-01 9.293043e-03
  [274,] 3.663729e-01 6.208629e-01 1.276416e-02
  [275,] 8.563119e-02 9.077321e-01 6.636713e-03
  [276,] 1.345062e-01 8.567450e-01 8.748811e-03
  [277,] 1.506625e-01 6.560220e-01 1.933155e-01
  [278,] 8.598884e-01 1.336055e-01 6.506127e-03
  [279,] 9.977782e-01 2.058571e-03 1.632095e-04
  [280,] 9.494996e-01 4.558011e-02 4.920268e-03
  [281,] 8.344751e-01 1.582348e-01 7.290112e-03
  [282,] 9.935414e-01 6.036267e-03 4.223556e-04
  [283,] 8.552938e-01 1.272240e-01 1.748213e-02
  [284,] 2.378571e-02 9.738495e-01 2.364835e-03
  [285,] 9.053605e-01 8.403304e-02 1.060643e-02
  [286,] 9.616413e-01 3.604925e-02 2.309478e-03
  [287,] 9.332356e-01 6.003910e-02 6.725323e-03
  [288,] 9.195660e-01 7.611267e-02 4.321339e-03
  [289,] 2.492424e-03 4.851164e-03 9.926564e-01
  [290,] 3.735649e-01 6.127704e-01 1.366476e-02
  [291,] 7.883410e-01 1.840873e-01 2.757168e-02
  [292,] 9.896740e-01 9.488995e-03 8.369899e-04
  [293,] 4.514725e-02 9.508949e-01 3.957800e-03
  [294,] 9.852860e-01 1.348165e-02 1.232320e-03
  [295,] 7.090367e-02 9.229688e-01 6.127553e-03
  [296,] 2.025004e-01 7.861047e-01 1.139487e-02
  [297,] 9.861123e-01 1.290501e-02 9.826787e-04
  [298,] 7.999673e-02 9.094469e-01 1.055638e-02
  [299,] 9.823333e-01 1.617081e-02 1.495866e-03
  [300,] 9.698093e-01 2.836114e-02 1.829527e-03
  [301,] 9.594986e-01 3.824323e-02 2.258148e-03
  [302,] 1.054165e-01 8.658054e-01 2.877813e-02
  [303,] 1.205042e-01 8.226129e-01 5.688285e-02
  [304,] 5.443959e-02 9.295690e-01 1.599141e-02
  [305,] 9.209702e-01 7.070097e-02 8.328790e-03
  [306,] 3.486286e-01 6.375066e-01 1.386487e-02
  [307,] 4.146447e-01 5.716664e-01 1.368890e-02
  [308,] 9.542684e-01 4.133432e-02 4.397246e-03
  [309,] 1.438452e-01 4.607936e-01 3.953612e-01
  [310,] 8.784467e-01 1.069692e-01 1.458407e-02
  [311,] 1.224650e-01 8.697248e-01 7.810260e-03
  [312,] 1.481558e-02 9.822503e-01 2.934099e-03
  [313,] 9.777818e-01 2.060476e-02 1.613446e-03
  [314,] 8.749902e-01 1.099309e-01 1.507892e-02
  [315,] 8.760760e-01 1.176481e-01 6.275817e-03
  [316,] 8.150309e-01 1.725428e-01 1.242634e-02
  [317,] 8.638863e-01 1.300127e-01 6.100969e-03
  [318,] 7.358467e-01 2.545236e-01 9.629681e-03
  [319,] 4.170186e-01 5.700623e-01 1.291906e-02
  [320,] 4.396894e-01 5.461398e-01 1.417077e-02
  [321,] 9.657145e-01 3.231279e-02 1.972679e-03
  [322,] 8.926271e-01 1.021404e-01 5.232502e-03
  [323,] 4.911914e-01 4.959553e-01 1.285332e-02
  [324,] 9.565771e-01 3.942860e-02 3.994310e-03
  [325,] 1.094474e-01 8.264660e-01 6.408655e-02
  [326,] 9.682645e-01 2.977359e-02 1.961904e-03
  [327,] 8.677611e-01 1.256610e-01 6.577932e-03
  [328,] 7.795861e-01 2.110015e-01 9.412399e-03
  [329,] 9.801592e-01 1.847182e-02 1.369027e-03
  [330,] 9.585947e-01 3.909499e-02 2.310336e-03
  [331,] 5.564210e-01 4.250787e-01 1.850021e-02
  [332,] 9.408606e-01 5.318205e-02 5.957341e-03
  [333,] 4.990429e-02 9.342782e-01 1.581754e-02
  [334,] 9.312857e-01 6.167274e-02 7.041549e-03
  [335,] 4.653373e-01 5.217970e-01 1.286570e-02
  [336,] 9.566648e-02 8.967032e-01 7.630337e-03
  [337,] 8.973240e-01 9.766841e-02 5.007611e-03
  [338,] 1.358032e-01 4.149129e-01 4.492839e-01
  [339,] 3.274644e-02 9.631941e-01 4.059428e-03
  [340,] 9.738299e-01 2.399301e-02 2.177047e-03
  [341,] 1.660564e-01 8.228100e-01 1.113355e-02
  [342,] 1.539392e-01 7.476144e-01 9.844641e-02
  [343,] 4.243774e-01 5.616972e-01 1.392535e-02
  [344,] 1.399492e-01 4.421465e-01 4.179043e-01
  [345,] 9.860436e-02 8.944623e-01 6.933363e-03
  [346,] 2.064953e-02 9.761177e-01 3.232768e-03
  [347,] 9.638699e-01 3.301316e-02 3.116906e-03
  [348,] 9.520616e-01 4.330015e-02 4.638236e-03
  [349,] 1.350878e-01 4.132032e-01 4.517089e-01
  [350,] 8.168447e-02 8.842681e-01 3.404744e-02
  [351,] 4.313294e-02 9.523395e-01 4.527589e-03
  [352,] 3.278056e-01 6.596937e-01 1.250064e-02
  [353,] 7.343818e-01 2.559014e-01 9.716799e-03
  [354,] 8.325842e-01 1.602404e-01 7.175454e-03
  [355,] 9.868483e-01 1.233782e-02 8.138636e-04
  [356,] 1.825920e-02 9.780360e-01 3.704793e-03
  [357,] 9.762337e-01 2.230816e-02 1.458180e-03
  [358,] 6.366299e-01 3.508572e-01 1.251292e-02
  [359,] 6.228319e-01 3.646654e-01 1.250272e-02
  [360,] 1.133021e-02 2.352445e-02 9.651453e-01
  [361,] 9.306124e-01 6.228985e-02 7.097720e-03
  [362,] 9.500934e-01 4.682936e-02 3.077281e-03
  [363,] 9.793857e-01 1.936741e-02 1.246928e-03
  [364,] 9.276335e-01 6.497846e-02 7.388011e-03
  [365,] 4.927845e-02 9.424890e-01 8.232592e-03
  [366,] 5.311954e-03 9.937509e-01 9.371669e-04
  [367,] 1.112750e-02 9.875203e-01 1.352229e-03
  [368,] 9.119731e-01 8.319569e-02 4.831232e-03
  [369,] 9.584737e-01 3.762802e-02 3.898266e-03
  [370,] 9.597246e-01 3.658431e-02 3.691071e-03
  [371,] 9.115569e-01 8.406796e-02 4.375184e-03
  [372,] 9.820272e-01 1.678473e-02 1.188103e-03
  [373,] 5.861315e-01 4.006453e-01 1.322322e-02
  [374,] 1.510239e-02 3.119403e-02 9.537036e-01
  [375,] 2.905066e-01 6.967562e-01 1.273725e-02
  [376,] 9.981823e-01 1.685731e-03 1.319563e-04
  [377,] 9.187326e-01 7.405410e-02 7.213305e-03
  [378,] 9.618646e-01 3.575152e-02 2.383904e-03
  [379,] 8.683238e-01 1.155915e-01 1.608477e-02
  [380,] 6.041006e-02 9.201857e-01 1.940422e-02
  [381,] 9.432099e-01 5.111433e-02 5.675733e-03
  [382,] 6.928963e-01 2.963077e-01 1.079600e-02
  [383,] 9.645316e-01 3.235613e-02 3.112308e-03
  [384,] 1.377875e-01 4.285448e-01 4.336677e-01
  [385,] 3.487463e-02 9.556689e-01 9.456467e-03
  [386,] 9.723709e-01 2.520124e-02 2.427862e-03
  [387,] 8.234045e-01 1.691451e-01 7.450355e-03
  [388,] 5.382640e-01 4.483136e-01 1.342237e-02
  [389,] 4.912387e-01 4.956216e-01 1.313968e-02
  [390,] 3.504088e-01 6.369274e-01 1.266380e-02
  [391,] 1.665411e-01 8.070864e-01 2.637257e-02
  [392,] 4.026160e-03 7.951791e-03 9.880220e-01
  [393,] 1.278333e-02 2.647844e-02 9.607382e-01
  [394,] 8.765313e-01 1.112172e-01 1.225151e-02
  [395,] 9.475085e-01 4.951418e-02 2.977318e-03
  [396,] 9.653735e-01 3.243396e-02 2.192489e-03
  [397,] 5.757705e-02 9.373199e-01 5.103051e-03
  [398,] 9.732537e-01 2.438709e-02 2.359235e-03
  [399,] 8.898447e-01 9.727759e-02 1.287769e-02
  [400,] 9.589210e-01 3.719421e-02 3.884758e-03
  [401,] 9.852791e-01 1.355811e-02 1.162835e-03
  [402,] 9.717877e-01 2.579066e-02 2.421670e-03
  [403,] 8.673365e-01 1.161645e-01 1.649902e-02
  [404,] 4.307213e-01 5.561720e-01 1.310672e-02
  [405,] 9.079164e-01 8.185347e-02 1.023012e-02
  [406,] 1.253166e-01 3.627831e-01 5.119003e-01
  [407,] 1.416209e-01 4.518786e-01 4.065004e-01
  [408,] 2.016416e-01 7.872645e-01 1.109399e-02
  [409,] 8.549703e-01 1.385679e-01 6.461831e-03
  [410,] 9.773419e-01 2.099478e-02 1.663275e-03
  [411,] 6.901912e-01 2.982633e-01 1.154554e-02
  [412,] 4.237488e-01 5.627228e-01 1.352845e-02
  [413,] 9.748678e-01 2.353738e-02 1.594844e-03
  [414,] 2.608838e-01 7.266304e-01 1.248578e-02
  [415,] 9.800746e-01 1.820670e-02 1.718667e-03
  [416,] 6.597578e-02 9.099997e-01 2.402453e-02
  [417,] 8.875612e-01 9.919030e-02 1.324845e-02
  [418,] 7.405543e-03 9.916907e-01 9.037397e-04
  [419,] 9.853400e-01 1.374365e-02 9.163147e-04
  [420,] 9.188124e-01 7.265853e-02 8.529122e-03
  [421,] 9.666220e-01 3.147877e-02 1.899269e-03
  [422,] 8.546053e-01 1.269155e-01 1.847919e-02
  [423,] 9.508556e-01 4.648901e-02 2.655355e-03
  [424,] 3.410599e-02 9.567079e-01 9.186137e-03
  [425,] 9.504789e-01 4.483577e-02 4.685355e-03
  [426,] 9.905868e-01 8.668165e-03 7.450623e-04
  [427,] 1.571764e-02 9.814374e-01 2.844921e-03
  [428,] 9.986933e-01 1.215217e-03 9.150920e-05
  [429,] 9.447850e-01 5.210886e-02 3.106098e-03
  [430,] 9.657828e-01 3.125463e-02 2.962556e-03
  [431,] 2.428069e-02 4.123715e-02 9.344822e-01
  [432,] 8.672004e-01 1.263713e-01 6.428259e-03
  [433,] 7.215487e-01 2.602337e-01 1.821753e-02
  [434,] 7.088687e-01 2.809347e-01 1.019652e-02
  [435,] 9.305973e-01 6.220135e-02 7.201368e-03
  [436,] 8.306445e-02 9.106573e-01 6.278293e-03
  [437,] 7.240023e-03 9.917736e-01 9.863622e-04
  [438,] 8.562804e-02 9.072928e-01 7.079121e-03
  [439,] 9.254907e-01 7.056056e-02 3.948687e-03
  [440,] 9.913087e-02 8.770612e-01 2.380797e-02
  [441,] 2.233062e-01 7.592261e-01 1.746765e-02
  [442,] 1.065748e-01 8.319351e-01 6.149010e-02
  [443,] 9.027180e-01 8.834836e-02 8.933663e-03
  [444,] 3.354101e-02 9.599143e-01 6.544668e-03
  [445,] 2.750113e-02 9.696184e-01 2.880443e-03
  [446,] 6.870933e-01 2.972076e-01 1.569909e-02
  [447,] 1.803061e-02 9.797468e-01 2.222591e-03
  [448,] 1.269530e-01 7.781537e-01 9.489332e-02
  [449,] 3.467008e-01 6.401189e-01 1.318026e-02
  [450,] 2.925155e-01 6.869263e-01 2.055820e-02
  [451,] 6.530188e-03 9.924107e-01 1.059130e-03
  [452,] 1.515492e-01 8.391715e-01 9.279301e-03
  [453,] 4.456378e-02 9.515319e-01 3.904314e-03
  [454,] 6.363815e-02 9.164724e-01 1.988949e-02
  [455,] 9.248320e-01 7.131841e-02 3.849619e-03
  [456,] 9.153689e-01 7.622277e-02 8.408290e-03
  [457,] 5.283610e-02 9.299055e-01 1.725840e-02
  [458,] 4.778825e-01 5.088764e-01 1.324109e-02
  [459,] 8.483350e-02 1.282386e-01 7.869279e-01
  [460,] 1.321171e-01 3.870558e-01 4.808271e-01
  [461,] 9.739096e-01 2.419506e-02 1.895304e-03
  [462,] 8.256274e-01 1.665857e-01 7.786809e-03
  [463,] 9.982787e-01 1.598784e-03 1.225316e-04
  [464,] 2.209707e-01 7.439071e-01 3.512217e-02
  [465,] 4.037999e-02 9.489678e-01 1.065225e-02
  [466,] 4.645449e-03 9.945214e-01 8.331512e-04
  [467,] 5.683071e-03 9.935407e-01 7.762338e-04
  [468,] 5.706628e-03 9.936034e-01 6.900054e-04
  [469,] 1.190090e-01 8.029592e-01 7.803181e-02
  [470,] 5.915307e-01 3.956669e-01 1.280245e-02
  [471,] 1.529506e-01 5.671410e-01 2.799085e-01
  [472,] 6.192476e-01 3.690337e-01 1.171868e-02
  [473,] 9.674982e-01 2.969523e-02 2.806621e-03
  [474,] 7.613659e-01 2.295855e-01 9.048629e-03
  [475,] 4.206198e-01 5.657295e-01 1.365074e-02
  [476,] 9.532373e-01 4.246413e-02 4.298586e-03
  [477,] 1.224380e-01 8.697572e-01 7.804795e-03
  [478,] 4.120180e-01 5.750662e-01 1.291577e-02
  [479,] 9.920255e-01 7.437957e-03 5.364986e-04
  [480,] 9.717550e-01 2.574834e-02 2.496658e-03
  [481,] 4.909366e-03 9.823678e-03 9.852670e-01
  [482,] 8.308633e-01 1.598262e-01 9.310505e-03
  [483,] 4.405102e-01 5.455128e-01 1.397696e-02
  [484,] 6.801399e-01 3.088058e-01 1.105437e-02
  [485,] 5.762486e-01 4.091210e-01 1.463040e-02
  [486,] 7.050182e-02 9.045643e-01 2.493386e-02
  [487,] 9.841030e-01 1.492290e-02 9.741203e-04
  [488,] 8.836932e-01 1.084416e-01 7.865199e-03
  [489,] 5.453801e-02 9.276312e-01 1.783080e-02
  [490,] 9.890519e-01 1.019905e-02 7.490235e-04
  [491,] 9.712922e-01 2.612514e-02 2.582683e-03
  [492,] 4.191562e-02 6.838567e-02 8.896987e-01
  [493,] 7.799169e-01 2.111562e-01 8.926928e-03
  [494,] 4.757419e-01 5.102220e-01 1.403613e-02
  [495,] 9.341975e-01 6.139305e-02 4.409418e-03
  [496,] 1.753167e-02 9.793989e-01 3.069409e-03
  [497,] 4.938274e-01 4.932691e-01 1.290351e-02
  [498,] 1.073550e-01 8.321215e-01 6.052353e-02
  [499,] 2.805035e-03 5.478276e-03 9.917167e-01
  [500,] 3.618332e-02 9.604472e-01 3.369529e-03
  [501,] 2.677100e-02 9.676719e-01 5.557132e-03
  [502,] 1.587967e-01 8.321099e-01 9.093427e-03
  [503,] 1.172496e-02 9.866278e-01 1.647270e-03
  [504,] 9.204569e-01 7.120272e-02 8.340365e-03
  [505,] 8.444040e-01 1.483433e-01 7.252678e-03
  [506,] 1.182795e-01 8.048761e-01 7.684442e-02
  [507,] 1.026283e-02 1.826440e-02 9.714728e-01
  [508,] 9.550801e-01 4.233501e-02 2.584888e-03
  [509,] 6.010397e-01 3.866789e-01 1.228135e-02
  [510,] 4.813175e-02 9.374889e-01 1.437932e-02
  [511,] 9.294075e-01 6.681851e-02 3.774029e-03
  [512,] 9.079574e-01 8.180354e-02 1.023910e-02
  [513,] 8.885635e-01 9.840044e-02 1.303609e-02
  [514,] 2.278366e-01 7.588791e-01 1.328439e-02
  [515,] 9.952791e-01 4.412261e-03 3.086015e-04
  [516,] 9.712885e-01 2.617823e-02 2.533237e-03
  [517,] 9.435791e-01 5.091875e-02 5.502170e-03
  [518,] 1.036938e-01 8.885882e-01 7.718011e-03
  [519,] 9.434925e-01 5.086577e-02 5.641763e-03
  [520,] 9.472633e-01 4.759924e-02 5.137492e-03
  [521,] 9.884599e-02 8.943313e-01 6.822718e-03
  [522,] 4.360626e-01 5.502344e-01 1.370303e-02
  [523,] 9.501096e-01 4.709140e-02 2.798964e-03
  [524,] 8.452196e-01 1.480655e-01 6.714870e-03
  [525,] 9.534523e-01 4.305873e-02 3.488929e-03
  [526,] 7.922336e-01 1.900166e-01 1.774977e-02
  [527,] 9.517886e-02 8.972487e-01 7.572456e-03
  [528,] 1.053501e-02 9.873865e-01 2.078455e-03
  [529,] 3.682568e-02 9.531878e-01 9.986496e-03
  [530,] 9.306211e-01 6.542079e-02 3.958069e-03
  [531,] 9.540743e-01 4.151574e-02 4.409981e-03
  [532,] 9.748692e-01 2.358664e-02 1.544173e-03
  [533,] 8.757544e-01 1.128371e-01 1.140851e-02
  [534,] 9.579464e-01 3.829343e-02 3.760208e-03
  [535,] 9.155925e-01 7.533913e-02 9.068378e-03
  [536,] 9.861198e-01 1.272810e-02 1.152104e-03
  [537,] 9.478115e-01 4.743184e-02 4.756695e-03
  [538,] 9.040554e-01 8.553091e-02 1.041367e-02
  [539,] 6.297697e-03 1.266553e-02 9.810368e-01
  [540,] 7.989968e-01 1.928334e-01 8.169825e-03
  [541,] 9.648288e-01 3.293205e-02 2.239116e-03
  [542,] 8.898121e-01 1.048864e-01 5.301478e-03
  [543,] 9.629542e-01 3.483223e-02 2.213557e-03
  [544,] 4.204357e-01 5.660040e-01 1.356024e-02
  [545,] 9.856286e-01 1.339588e-02 9.755063e-04
  [546,] 2.731216e-01 7.147188e-01 1.215957e-02
  [547,] 2.985424e-01 6.884844e-01 1.297320e-02
  [548,] 1.529276e-01 5.921644e-01 2.549081e-01
  [549,] 2.602020e-02 9.687790e-01 5.200786e-03
  [550,] 9.969865e-01 2.808441e-03 2.050190e-04
  [551,] 9.660264e-01 3.106257e-02 2.911017e-03
  [552,] 3.127139e-02 9.657059e-01 3.022677e-03
  [553,] 1.429317e-01 4.615136e-01 3.955547e-01
  [554,] 9.583311e-01 3.782755e-02 3.841347e-03
  [555,] 9.788384e-01 1.988094e-02 1.280651e-03
  [556,] 1.660938e-02 9.800973e-01 3.293277e-03
  [557,] 9.732031e-01 2.487831e-02 1.918598e-03
  [558,] 2.445159e-01 7.327336e-01 2.275049e-02
  [559,] 9.902973e-01 9.040819e-03 6.618658e-04
  [560,] 9.479112e-01 4.904188e-02 3.046958e-03
